Algorithm Performance Report 
=======================================

Algorithm: BFS
Map Index: 0
States Explored: 193
Runtime (ms): 0.25
Path: [(2, 2), (2, 3), (2, 4), (3, 4), (4, 4), (4, 5), (4, 6), (5, 6), (5, 7), (5, 8), (6, 8), (7, 8), (8, 8), (8, 9), (8, 10), (8, 11), (8, 12), (9, 12), (10, 12), (11, 12), (12, 12), (12, 13), (12, 14), (13, 14), (14, 14), (15, 14), (15, 15), (15, 16), (15, 17), (15, 18), (16, 18), (17, 18), (18, 18), (18, 19)]
-----------------------------

Algorithm: A*
Map Index: 0
States Explored: 91
Runtime (ms): 0.08
Path: [(1, 1), (2, 1), (2, 2), (2, 3), (2, 4), (3, 4), (4, 4), (4, 5), (4, 6), (5, 6), (5, 7), (5, 8), (6, 8), (7, 8), (8, 8), (8, 9), (8, 10), (8, 11), (8, 12), (9, 12), (10, 12), (11, 12), (12, 12), (12, 13), (12, 14), (13, 14), (14, 14), (15, 14), (15, 15), (15, 16), (15, 17), (15, 18), (16, 18), (17, 18), (18, 18), (18, 19)]
-----------------------------

Algorithm: Beam Search
Map Index: 0
States Explored: 396
Runtime (ms): 0.43
Path: [(1, 1), (2, 1), (2, 2), (2, 3), (2, 4), (3, 4), (4, 4), (4, 5), (4, 6), (5, 6), (5, 7), (5, 8), (6, 8), (7, 8), (8, 8), (8, 9), (8, 10), (8, 11), (8, 12), (9, 12), (10, 12), (11, 12), (12, 12), (12, 13), (12, 14), (13, 14), (14, 14), (15, 14), (15, 15), (15, 16), (15, 17), (15, 18), (16, 18), (17, 18), (18, 18), (18, 19)]
-----------------------------

Algorithm: AND-OR Tree
Map Index: 0
States Explored: 404
Runtime (ms): 1.30
Path: [(1, 1), (2, 1), (3, 1), (4, 1), (4, 2), (4, 3), (4, 4), (4, 5), (4, 6), (5, 6), (5, 7), (5, 8), (6, 8), (7, 8), (8, 8), (8, 9), (8, 10), (8, 11), (8, 12), (9, 12), (10, 12), (11, 12), (12, 12), (13, 12), (14, 12), (15, 12), (15, 13), (15, 14), (15, 15), (15, 16), (15, 17), (15, 18), (16, 18), (17, 18), (18, 18), (18, 19)]
-----------------------------

Algorithm: Forward-Checking
Map Index: 0
States Explored: 2313
Runtime (ms): 3.01
Path: [(1, 1), (2, 1), (3, 1), (4, 1), (5, 1), (6, 1), (7, 1), (8, 1), (8, 2), (8, 3), (8, 4), (8, 5), (8, 6), (9, 6), (10, 6), (11, 6), (12, 6), (13, 6), (14, 6), (14, 7), (14, 8), (15, 8), (15, 9), (15, 10), (16, 10), (17, 10), (18, 10), (18, 11), (18, 12), (17, 12), (16, 12), (15, 12), (15, 13), (15, 14), (15, 15), (15, 16), (15, 17), (15, 18), (16, 18), (17, 18), (18, 18), (18, 19)]
-----------------------------

Algorithm: Q-Learning
Map Index: 0
States Explored: 620
Runtime (ms): 1.23
Path: [(1, 1), (2, 1), (2, 2), (2, 3), (2, 4), (3, 4), (4, 4), (4, 5), (4, 6), (5, 6), (5, 7), (5, 8), (6, 8), (7, 8), (8, 8), (8, 9), (8, 10), (8, 11), (8, 12), (9, 12), (10, 12), (11, 12), (12, 12), (12, 13), (12, 14), (13, 14), (14, 14), (15, 14), (15, 15), (15, 16), (15, 17), (15, 18), (14, 18), (13, 18), (12, 18), (11, 18), (11, 17), (11, 16), (11, 15), (11, 14), (10, 14), (9, 14), (8, 14), (8, 15), (8, 16), (9, 16), (10, 16)]
-----------------------------

